function [const] = fb_constants()

const.fc = [50.00, 116.19, 183.57, 252.82, 324.64, 399.79, 479.01, 563.11, ...
652.97, 749.48, 853.65, 966.52, 1089.25, 1223.10, 1369.43, 1529.73, ...
1705.64, 1898.95, 2111.64, 2345.88, 2604.05, 2888.79, 3203.01, 3549.90, ...
3933.02, 4356.27, 4823.97, 5340.88, 5912.30, 6544.03, 7242.54, 8014.95, ...
8869.13, 9813.82, 10858.63, 12014.24, 13292.44, 14706.26, 16270.13, 18000.02];

const.Nk = [1456, 1438, 1406, 1362, 1308, 1244, 1176, 1104, ...
1030, 956, 884, 814, 748, 686, 626, 570, ...
520, 472, 430, 390, 354, 320, 290, 262, ...
238, 214, 194, 176, 158, 144, 130, 118, ...
106, 96, 86, 78, 70, 64, 58, 52];

const.Dk = [1, 10, 26, 48, 75, 107, 141, 177, ...
214, 251, 287, 322, 355, 386, 416, 444, ...
469, 493, 514, 534, 552, 569, 584, 598, ...
610, 622, 632, 641, 650, 657, 664, 670,  ...
676, 681, 686, 690, 694, 697, 700, 703];




end